'time_ms', 'time_hour', 'time_date', 'gps_latitude', 'gps_longitude', 'button_press'
1572304074000, 16, '10/28/2019', 34.070143, -118.44472, 0
1572304074004, 16, '10/28/2019', 34.058019, -118.44622, 0
1572304074005, 16, '10/28/2019', 34.058019, -118.44622, 0
1572304074008, 16, '10/28/2019', 34.058019, -118.44622, 0
1572304074010, 16, '10/28/2019', 34.058019, -118.44622, 0
1572304074012, 16, '10/28/2019', 34.058019, -118.44622, 1
1572304074015, 16, '10/28/2019', 34.058019, -118.44622, 1
1572304074016, 16, '10/28/2019', 34.058019, -118.44622, 1
1572304074020, 16, '10/28/2019', 34.058019, -118.44622, 1
1572304074024, 16, '10/28/2019', 34.058019, -118.44622, 1
1572304074025, 16, '10/28/2019', 34.058019, -118.44622, 1
1572304074028, 16, '10/28/2019', 34.058019, -118.44622, 1
1572304074030, 16, '10/28/2019', 34.058019, -118.44622, 1
1572304074032, 16, '10/28/2019', 34.058019, -118.44622, 1
1572304074035, 16, '10/28/2019', 34.058019, -118.44622, 1
1572304074036, 16, '10/28/2019', 34.070143, -118.44472, 1
1572304074040, 16, '10/28/2019', 34.070143, -118.44472, 1
1572304074044, 16, '10/28/2019', 34.062497, -118.447253, 1
1572304074045, 16, '10/28/2019', 34.062497, -118.447253, 1
1572304074048, 16, '10/28/2019', 34.062497, -118.447253, 1
1572304074050, 16, '10/28/2019', 34.062497, -118.447253, 1
1572304074052, 16, '10/28/2019', 34.062497, -118.447253, 0
1572304074055, 16, '10/28/2019', 34.062497, -118.447253, 0
1572304074056, 16, '10/28/2019', 34.062497, -118.447253, 0
1572304074060, 16, '10/28/2019', 34.062497, -118.447253, 0
1572304074064, 16, '10/28/2019', 34.062497, -118.447253, 0
1572304074065, 16, '10/28/2019', 34.062497, -118.447253, 0
1572304074068, 16, '10/28/2019', 34.062497, -118.447253, 0
1572304074070, 16, '10/28/2019', 34.062497, -118.447253, 0
1572304074072, 16, '10/28/2019', 34.062497, -118.447253, 0
1572304074075, 16, '10/28/2019', 34.062497, -118.447253, 0
1572304074076, 16, '10/28/2019', 34.062497, -118.447253, 0
1572304074080, 16, '10/28/2019', 34.062497, -118.447253, 0
1572304074084, 16, '10/28/2019', 34.062497, -118.447253, 0
1572304074085, 16, '10/28/2019', 34.062497, -118.447253, 0
1572304074088, 16, '10/28/2019', 34.062497, -118.447253, 0
1572304074090, 16, '10/28/2019', 34.062497, -118.447253, 0
1572304074092, 16, '10/28/2019', 34.062497, -118.447253, 0
1572304074095, 16, '10/28/2019', 34.062497, -118.447253, 0
1572304074096, 16, '10/28/2019', 34.062497, -118.447253, 0
1572304074100, 16, '10/28/2019', 34.062497, -118.447253, 0
1572304074104, 16, '10/28/2019', 34.062497, -118.447253, 0
1572304074105, 16, '10/28/2019', 34.062497, -118.447253, 0
1572304074108, 16, '10/28/2019', 34.062497, -118.447253, 0
1572304074110, 16, '10/28/2019', 34.062497, -118.447253, 0
1572304074112, 16, '10/28/2019', 34.058019, -118.44622, 0
1572304074115, 16, '10/28/2019', 34.058019, -118.44622, 0
1572304074116, 16, '10/28/2019', 34.058019, -118.44622, 0
1572304074120, 16, '10/28/2019', 34.070143, -118.44472, 0
1572304074124, 16, '10/28/2019', 34.058019, -118.44622, 0
1572304074125, 16, '10/28/2019', 34.058019, -118.44622, 0
1572304074128, 16, '10/28/2019', 34.058019, -118.44622, 0
1572304074130, 16, '10/28/2019', 34.058019, -118.44622, 0
1572304074132, 16, '10/28/2019', 34.058019, -118.44622, 0
1572304074135, 16, '10/28/2019', 34.058019, -118.44622, 0
1572304074136, 16, '10/28/2019', 34.058019, -118.44622, 0
1572304074140, 16, '10/28/2019', 34.058019, -118.44622, 0
1572304074144, 16, '10/28/2019', 34.058019, -118.44622, 0
1572304074145, 16, '10/28/2019', 34.058019, -118.44622, 0
1572304074148, 16, '10/28/2019', 34.070143, -118.44472, 0
1572304074150, 16, '10/28/2019', 34.070143, -118.44472, 0
1572304074152, 16, '10/28/2019', 34.070143, -118.44472, 0
1572304074155, 16, '10/28/2019', 34.058019, -118.44622, 0
1572304074156, 16, '10/28/2019', 34.058019, -118.44622, 0
1572304074160, 16, '10/28/2019', 34.058019, -118.44622, 0
1572304074164, 16, '10/28/2019', 34.058019, -118.44622, 0
1572304074165, 16, '10/28/2019', 34.058019, -118.44622, 0
1572304074168, 16, '10/28/2019', 34.058019, -118.44622, 0
1572304074170, 16, '10/28/2019', 34.058019, -118.44622, 0
1572304074172, 16, '10/28/2019', 34.058019, -118.44622, 0
1572304074175, 16, '10/28/2019', 34.058019, -118.44622, 0
1572304074176, 16, '10/28/2019', 34.058019, -118.44622, 0
1572304074180, 16, '10/28/2019', 34.058019, -118.44622, 0
1572304074184, 16, '10/28/2019', 34.058019, -118.44622, 0
1572304074185, 16, '10/28/2019', 34.058019, -118.44622, 0
1572304074188, 16, '10/28/2019', 34.058019, -118.44622, 0
1572304074190, 16, '10/28/2019', 34.058019, -118.44622, 0
1572304074192, 16, '10/28/2019', 34.058019, -118.44622, 0
1572304074195, 16, '10/28/2019', 34.058019, -118.44622, 0
1572304074196, 16, '10/28/2019', 34.058019, -118.44622, 0
1572304074200, 16, '10/28/2019', 34.058019, -118.44622, 0
1572304074204, 16, '10/28/2019', 34.058019, -118.44622, 0
1572304074205, 16, '10/28/2019', 34.058019, -118.44622, 0
1572304074208, 16, '10/28/2019', 34.058019, -118.44622, 0
1572304074210, 16, '10/28/2019', 34.058019, -118.44622, 0
1572304074212, 16, '10/28/2019', 34.058019, -118.44622, 0
1572304074215, 16, '10/28/2019', 34.058019, -118.44622, 0
1572304074216, 16, '10/28/2019', 34.058019, -118.44622, 0
1572304074220, 16, '10/28/2019', 34.058019, -118.44622, 0
1572304074224, 16, '10/28/2019', 34.058019, -118.44622, 0
1572304074225, 16, '10/28/2019', 34.058019, -118.44622, 0
1572304074228, 16, '10/28/2019', 34.058019, -118.44622, 0
1572304074230, 16, '10/28/2019', 34.058019, -118.44622, 0
1572304074232, 16, '10/28/2019', 34.058019, -118.44622, 0
1572304074235, 16, '10/28/2019', 34.058019, -118.44622, 0
1572304074236, 16, '10/28/2019', 34.058019, -118.44622, 0
1572304074240, 16, '10/28/2019', 34.058019, -118.44622, 0
1572304074244, 16, '10/28/2019', 34.058019, -118.44622, 0
1572304074245, 16, '10/28/2019', 34.058019, -118.44622, 0
1572304074248, 16, '10/28/2019', 34.058019, -118.44622, 0
1572304074250, 16, '10/28/2019', 34.058019, -118.44622, 0
1572304074252, 16, '10/28/2019', 34.058019, -118.44622, 0
1572304074255, 16, '10/28/2019', 34.062497, -118.447253, 0
1572304074256, 16, '10/28/2019', 34.062497, -118.447253, 0
1572304074260, 16, '10/28/2019', 34.062497, -118.447253, 0
1572304074264, 16, '10/28/2019', 34.062497, -118.447253, 0
1572304074265, 16, '10/28/2019', 34.062497, -118.447253, 0
1572304074268, 16, '10/28/2019', 34.062497, -118.447253, 0
1572304074270, 16, '10/28/2019', 34.062497, -118.447253, 0
1572304074272, 16, '10/28/2019', 34.062497, -118.447253, 0
1572304074275, 16, '10/28/2019', 34.062497, -118.447253, 0
1572304074276, 16, '10/28/2019', 34.062497, -118.447253, 0
1572304074280, 16, '10/28/2019', 34.062497, -118.447253, 0
1572304074284, 16, '10/28/2019', 34.062497, -118.447253, 0
1572304074285, 16, '10/28/2019', 34.062497, -118.447253, 0
1572304074288, 16, '10/28/2019', 34.062497, -118.447253, 0
1572304074290, 16, '10/28/2019', 34.062497, -118.447253, 1
1572304074292, 16, '10/28/2019', 34.062497, -118.447253, 0
1572304074295, 16, '10/28/2019', 34.062497, -118.447253, 0
1572304074296, 16, '10/28/2019', 34.062497, -118.447253, 0
1572304074300, 16, '10/28/2019', 34.062497, -118.447253, 0
1572304074304, 16, '10/28/2019', 34.062497, -118.447253, 0
1572304074305, 16, '10/28/2019', 34.062497, -118.447253, 0
1572304074308, 16, '10/28/2019', 34.062497, -118.447253, 0
1572304074310, 16, '10/28/2019', 34.062497, -118.447253, 0
1572304074312, 16, '10/28/2019', 34.062497, -118.447253, 0
1572304074315, 16, '10/28/2019', 34.062497, -118.447253, 0
1572304074316, 16, '10/28/2019', 34.062497, -118.447253, 0
1572304074320, 16, '10/28/2019', 34.062497, -118.447253, 0
1572304074324, 16, '10/28/2019', 34.062497, -118.447253, 0
1572304074325, 16, '10/28/2019', 34.062497, -118.447253, 0
1572304074328, 16, '10/28/2019', 34.062497, -118.447253, 0
1572304074330, 16, '10/28/2019', 34.058019, -118.44622, 0
1572304074332, 16, '10/28/2019', 34.058019, -118.44622, 0
1572304074335, 16, '10/28/2019', 34.058019, -118.44622, 0
1572304074336, 16, '10/28/2019', 34.058019, -118.44622, 0
1572304074340, 16, '10/28/2019', 34.058019, -118.44622, 0
1572304074344, 16, '10/28/2019', 34.058019, -118.44622, 0
1572304074345, 16, '10/28/2019', 34.058019, -118.44622, 0
1572304074348, 16, '10/28/2019', 34.058019, -118.44622, 0
1572304074350, 16, '10/28/2019', 34.058019, -118.44622, 0
1572304074352, 16, '10/28/2019', 34.058019, -118.44622, 0
1572304074355, 16, '10/28/2019', 34.058019, -118.44622, 0
1572304074356, 16, '10/28/2019', 34.058019, -118.44622, 0
1572304074360, 16, '10/28/2019', 34.058019, -118.44622, 0
1572304074364, 16, '10/28/2019', 34.058019, -118.44622, 1
1572304074365, 16, '10/28/2019', 34.058019, -118.44622, 1
1572304074368, 16, '10/28/2019', 34.058019, -118.44622, 1
1572304074370, 16, '10/28/2019', 34.058019, -118.44622, 1
1572304074372, 16, '10/28/2019', 34.058019, -118.44622, 1
1572304074375, 16, '10/28/2019', 34.058019, -118.44622, 1
1572304074376, 16, '10/28/2019', 34.058019, -118.44622, 1
1572304074380, 16, '10/28/2019', 34.058019, -118.44622, 0
1572304074384, 16, '10/28/2019', 34.070143, -118.44472, 0
1572304074385, 16, '10/28/2019', 34.070143, -118.44472, 0
1572304074388, 16, '10/28/2019', 34.058019, -118.44622, 0
1572304074390, 16, '10/28/2019', 34.058019, -118.44622, 0
1572304074392, 16, '10/28/2019', 34.058019, -118.44622, 0
1572304074395, 16, '10/28/2019', 34.058019, -118.44622, 0
1572304074396, 16, '10/28/2019', 34.058019, -118.44622, 0
1572304074400, 16, '10/28/2019', 34.058019, -118.44622, 0
1572304074404, 16, '10/28/2019', 34.058019, -118.44622, 0
1572304074405, 16, '10/28/2019', 34.058019, -118.44622, 0
1572304074408, 16, '10/28/2019', 34.058019, -118.44622, 0
1572304074410, 16, '10/28/2019', 34.058019, -118.44622, 0
1572304074412, 16, '10/28/2019', 34.058019, -118.44622, 0
1572304074415, 16, '10/28/2019', 34.058019, -118.44622, 0
1572304074416, 16, '10/28/2019', 34.058019, -118.44622, 0
1572304074420, 16, '10/28/2019', 34.058019, -118.44622, 1
1572304074424, 16, '10/28/2019', 34.058019, -118.44622, 1
1572304074425, 16, '10/28/2019', 34.062497, -118.447253, 1
1572304074428, 16, '10/28/2019', 34.070143, -118.44472, 1
1572304074430, 16, '10/28/2019', 34.058019, -118.44622, 0
1572304074432, 16, '10/28/2019', 34.058019, -118.44622, 0
1572304074435, 16, '10/28/2019', 34.058019, -118.44622, 0
1572304074436, 16, '10/28/2019', 34.058019, -118.44622, 0
1572304074440, 16, '10/28/2019', 34.058019, -118.44622, 0
1572304074444, 16, '10/28/2019', 34.058019, -118.44622, 0
1572304074445, 16, '10/28/2019', 34.058019, -118.44622, 0
1572304074448, 16, '10/28/2019', 34.058019, -118.44622, 0
1572304074450, 16, '10/28/2019', 34.058019, -118.44622, 0
1572304074452, 16, '10/28/2019', 34.058019, -118.44622, 0
1572304074455, 16, '10/28/2019', 34.058019, -118.44622, 0
1572304074456, 16, '10/28/2019', 34.058019, -118.44622, 0
1572304074460, 16, '10/28/2019', 34.058019, -118.44622, 0
1572304074464, 16, '10/28/2019', 34.058019, -118.44622, 0
1572304074465, 16, '10/28/2019', 34.058019, -118.44622, 0
1572304074468, 16, '10/28/2019', 34.058019, -118.44622, 0
1572304074470, 16, '10/28/2019', 34.058019, -118.44622, 0
1572304074472, 16, '10/28/2019', 34.058019, -118.44622, 0
1572304074475, 16, '10/28/2019', 34.058019, -118.44622, 0
1572304074476, 16, '10/28/2019', 34.058019, -118.44622, 1
1572304074480, 16, '10/28/2019', 34.058019, -118.44622, 1
1572304074484, 16, '10/28/2019', 34.058019, -118.44622, 0
1572304074485, 16, '10/28/2019', 34.058019, -118.44622, 0
1572304074488, 16, '10/28/2019', 34.058019, -118.44622, 0
1572304074490, 16, '10/28/2019', 34.058019, -118.44622, 0
1572304074492, 16, '10/28/2019', 34.062497, -118.447253, 0
1572304074495, 16, '10/28/2019', 34.062497, -118.447253, 0
1572304074496, 16, '10/28/2019', 34.062497, -118.447253, 0
1572304074500, 16, '10/28/2019', 34.058019, -118.44622, 0
1572304074504, 16, '10/28/2019', 34.058019, -118.44622, 0
1572304074505, 16, '10/28/2019', 34.058019, -118.44622, 0
1572304074508, 16, '10/28/2019', 34.058019, -118.44622, 0
1572304074510, 16, '10/28/2019', 34.058019, -118.44622, 0
1572304074512, 16, '10/28/2019', 34.070143, -118.44472, 0
1572304074515, 16, '10/28/2019', 34.070143, -118.44472, 0
1572304074516, 16, '10/28/2019', 34.062497, -118.447253, 0
1572304074520, 16, '10/28/2019', 34.062497, -118.447253, 0
1572304074524, 16, '10/28/2019', 34.062497, -118.447253, 0
1572304074525, 16, '10/28/2019', 34.062497, -118.447253, 0
1572304074528, 16, '10/28/2019', 34.062497, -118.447253, 0
1572304074530, 16, '10/28/2019', 34.062497, -118.447253, 0
1572304074532, 16, '10/28/2019', 34.062497, -118.447253, 0
1572304074535, 16, '10/28/2019', 34.062497, -118.447253, 0
1572304074536, 16, '10/28/2019', 34.062497, -118.447253, 0
1572304074540, 16, '10/28/2019', 34.062497, -118.447253, 0
1572304074544, 16, '10/28/2019', 34.062497, -118.447253, 1
1572304074545, 16, '10/28/2019', 34.062497, -118.447253, 1
1572304074548, 16, '10/28/2019', 34.062497, -118.447253, 1
1572304074550, 16, '10/28/2019', 34.062497, -118.447253, 1
1572304074552, 16, '10/28/2019', 34.062497, -118.447253, 1
1572304074555, 16, '10/28/2019', 34.062497, -118.447253, 0
1572304074556, 16, '10/28/2019', 34.062497, -118.447253, 0
1572304074560, 16, '10/28/2019', 34.062497, -118.447253, 0
1572304074564, 16, '10/28/2019', 34.062497, -118.447253, 1
1572304074565, 16, '10/28/2019', 34.062497, -118.447253, 1
1572304074568, 16, '10/28/2019', 34.062497, -118.447253, 0
1572304074570, 16, '10/28/2019', 34.062497, -118.447253, 0
1572304074572, 16, '10/28/2019', 34.062497, -118.447253, 0
1572304074575, 16, '10/28/2019', 34.062497, -118.447253, 0
1572304074576, 16, '10/28/2019', 34.062497, -118.447253, 0
1572304074580, 16, '10/28/2019', 34.062497, -118.447253, 0
1572304074584, 16, '10/28/2019', 34.062497, -118.447253, 0
1572304074585, 16, '10/28/2019', 34.062497, -118.447253, 0
1572304074588, 16, '10/28/2019', 34.062497, -118.447253, 1
1572304074590, 16, '10/28/2019', 34.062497, -118.447253, 1
1572304074592, 16, '10/28/2019', 34.062497, -118.447253, 1
1572304074595, 16, '10/28/2019', 34.062497, -118.447253, 1
1572304074596, 16, '10/28/2019', 34.062497, -118.447253, 1
1572304074600, 16, '10/28/2019', 34.062497, -118.447253, 1
1572304074604, 16, '10/28/2019', 34.062497, -118.447253, 1
1572304074605, 16, '10/28/2019', 34.062497, -118.447253, 1
1572304074608, 16, '10/28/2019', 34.062497, -118.447253, 1
1572304074610, 16, '10/28/2019', 34.062497, -118.447253, 1
1572304074612, 16, '10/28/2019', 34.062497, -118.447253, 1
1572304074615, 16, '10/28/2019', 34.062497, -118.447253, 1
1572304074616, 16, '10/28/2019', 34.062497, -118.447253, 1
1572304074620, 16, '10/28/2019', 34.062497, -118.447253, 1
1572304074624, 16, '10/28/2019', 34.062497, -118.447253, 1
1572304074625, 16, '10/28/2019', 34.062497, -118.447253, 1
1572304074628, 16, '10/28/2019', 34.062497, -118.447253, 1
1572304074630, 16, '10/28/2019', 34.062497, -118.447253, 1
1572304074632, 16, '10/28/2019', 34.062497, -118.447253, 1
1572304074635, 16, '10/28/2019', 34.062497, -118.447253, 1
1572304074636, 16, '10/28/2019', 34.062497, -118.447253, 1
1572304074640, 16, '10/28/2019', 34.062497, -118.447253, 1
1572304074644, 16, '10/28/2019', 34.058019, -118.44622, 0
1572304074645, 16, '10/28/2019', 34.058019, -118.44622, 0
1572304074648, 16, '10/28/2019', 34.058019, -118.44622, 0
1572304074650, 16, '10/28/2019', 34.058019, -118.44622, 0
1572304074652, 16, '10/28/2019', 34.058019, -118.44622, 0
1572304074655, 16, '10/28/2019', 34.058019, -118.44622, 0
1572304074656, 16, '10/28/2019', 34.058019, -118.44622, 0
1572304074660, 16, '10/28/2019', 34.058019, -118.44622, 0
1572304074664, 16, '10/28/2019', 34.058019, -118.44622, 0
1572304074665, 16, '10/28/2019', 34.058019, -118.44622, 0
1572304074668, 16, '10/28/2019', 34.058019, -118.44622, 0
1572304074670, 16, '10/28/2019', 34.058019, -118.44622, 0
1572304074672, 16, '10/28/2019', 34.058019, -118.44622, 0
1572304074675, 16, '10/28/2019', 34.058019, -118.44622, 0
1572304074676, 16, '10/28/2019', 34.058019, -118.44622, 0
1572304074680, 16, '10/28/2019', 34.058019, -118.44622, 1
1572304074684, 16, '10/28/2019', 34.070143, -118.44472, 1
1572304074685, 16, '10/28/2019', 34.070143, -118.44472, 1
1572304074688, 16, '10/28/2019', 34.070143, -118.44472, 1
1572304074690, 16, '10/28/2019', 34.070143, -118.44472, 1
1572304074692, 16, '10/28/2019', 34.070143, -118.44472, 1
1572304074695, 16, '10/28/2019', 34.062497, -118.447253, 0
1572304074696, 16, '10/28/2019', 34.062497, -118.447253, 0
1572304074700, 16, '10/28/2019', 34.062497, -118.447253, 0
1572304074704, 16, '10/28/2019', 34.062497, -118.447253, 0
1572304074705, 16, '10/28/2019', 34.062497, -118.447253, 0
1572304074708, 16, '10/28/2019', 34.062497, -118.447253, 0
1572304074710, 16, '10/28/2019', 34.062497, -118.447253, 0
1572304074712, 16, '10/28/2019', 34.062497, -118.447253, 0
1572304074715, 16, '10/28/2019', 34.062497, -118.447253, 0
1572304074716, 16, '10/28/2019', 34.058019, -118.44622, 0
1572304074720, 16, '10/28/2019', 34.058019, -118.44622, 1
1572304074724, 16, '10/28/2019', 34.058019, -118.44622, 1
1572304074725, 16, '10/28/2019', 34.058019, -118.44622, 1
1572304074728, 16, '10/28/2019', 34.058019, -118.44622, 0
1572304074730, 16, '10/28/2019', 34.058019, -118.44622, 0
1572304074732, 16, '10/28/2019', 34.058019, -118.44622, 1
1572304074735, 16, '10/28/2019', 34.058019, -118.44622, 1
1572304074736, 16, '10/28/2019', 34.058019, -118.44622, 1
1572304074740, 16, '10/28/2019', 34.058019, -118.44622, 1
1572304074744, 16, '10/28/2019', 34.058019, -118.44622, 0
1572304074745, 16, '10/28/2019', 34.058019, -118.44622, 0
1572304074748, 16, '10/28/2019', 34.058019, -118.44622, 0
1572304074750, 16, '10/28/2019', 34.058019, -118.44622, 0
1572304074752, 16, '10/28/2019', 34.058019, -118.44622, 0
1572304074755, 16, '10/28/2019', 34.058019, -118.44622, 0
1572304074756, 16, '10/28/2019', 34.058019, -118.44622, 0
1572304074760, 16, '10/28/2019', 34.058019, -118.44622, 0
1572304074764, 16, '10/28/2019', 34.058019, -118.44622, 0
1572304074765, 16, '10/28/2019', 34.058019, -118.44622, 0
1572304074768, 16, '10/28/2019', 34.058019, -118.44622, 0
1572304074770, 16, '10/28/2019', 34.058019, -118.44622, 0
1572304074772, 16, '10/28/2019', 34.058019, -118.44622, 0
1572304074775, 16, '10/28/2019', 34.058019, -118.44622, 0
1572304074776, 16, '10/28/2019', 34.058019, -118.44622, 0
1572304074780, 16, '10/28/2019', 34.058019, -118.44622, 0
1572304074784, 16, '10/28/2019', 34.058019, -118.44622, 0
1572304074785, 16, '10/28/2019', 34.058019, -118.44622, 0
1572304074788, 16, '10/28/2019', 34.058019, -118.44622, 0
1572304074790, 16, '10/28/2019', 34.058019, -118.44622, 0
1572304074792, 16, '10/28/2019', 34.058019, -118.44622, 0
1572304074795, 16, '10/28/2019', 34.058019, -118.44622, 0
1572304074796, 16, '10/28/2019', 34.058019, -118.44622, 0
1572304074800, 16, '10/28/2019', 34.058019, -118.44622, 0
1572304074804, 16, '10/28/2019', 34.058019, -118.44622, 0
1572304074805, 16, '10/28/2019', 34.058019, -118.44622, 0
1572304074808, 16, '10/28/2019', 34.058019, -118.44622, 0
1572304074810, 16, '10/28/2019', 34.058019, -118.44622, 0
1572304074812, 16, '10/28/2019', 34.058019, -118.44622, 0
1572304074815, 16, '10/28/2019', 34.058019, -118.44622, 0
1572304074816, 16, '10/28/2019', 34.058019, -118.44622, 0
1572304074820, 16, '10/28/2019', 34.058019, -118.44622, 0
1572304074824, 16, '10/28/2019', 34.058019, -118.44622, 0
1572304074825, 16, '10/28/2019', 34.062497, -118.447253, 0
1572304074828, 16, '10/28/2019', 34.062497, -118.447253, 0
1572304074830, 16, '10/28/2019', 34.062497, -118.447253, 0
1572304074832, 16, '10/28/2019', 34.062497, -118.447253, 0
1572304074835, 16, '10/28/2019', 34.062497, -118.447253, 0
1572304074836, 16, '10/28/2019', 34.062497, -118.447253, 0
1572304074840, 16, '10/28/2019', 34.062497, -118.447253, 0
1572304074844, 16, '10/28/2019', 34.062497, -118.447253, 0
1572304074845, 16, '10/28/2019', 34.062497, -118.447253, 0
1572304074848, 16, '10/28/2019', 34.062497, -118.447253, 0
1572304074850, 16, '10/28/2019', 34.062497, -118.447253, 0
1572304074852, 16, '10/28/2019', 34.062497, -118.447253, 0
1572304074855, 16, '10/28/2019', 34.062497, -118.447253, 0
1572304074856, 16, '10/28/2019', 34.062497, -118.447253, 0
1572304074860, 16, '10/28/2019', 34.062497, -118.447253, 0
1572304074864, 16, '10/28/2019', 34.062497, -118.447253, 0
1572304074865, 16, '10/28/2019', 34.062497, -118.447253, 0
1572304074868, 16, '10/28/2019', 34.062497, -118.447253, 0
1572304074870, 16, '10/28/2019', 34.062497, -118.447253, 0
1572304074872, 16, '10/28/2019', 34.062497, -118.447253, 0
1572304074875, 16, '10/28/2019', 34.070143, -118.44472, 0
1572304074876, 16, '10/28/2019', 34.070143, -118.44472, 0
1572304074880, 16, '10/28/2019', 34.070143, -118.44472, 0
1572304074884, 16, '10/28/2019', 34.070143, -118.44472, 0
1572304074885, 16, '10/28/2019', 34.070143, -118.44472, 0
1572304074888, 16, '10/28/2019', 34.070143, -118.44472, 0
1572304074890, 16, '10/28/2019', 34.070143, -118.44472, 0
1572304074892, 16, '10/28/2019', 34.070143, -118.44472, 0
1572304074895, 16, '10/28/2019', 34.070143, -118.44472, 0
1572304074896, 16, '10/28/2019', 34.070143, -118.44472, 0
1572304074900, 16, '10/28/2019', 34.070143, -118.44472, 0
1572304074904, 16, '10/28/2019', 34.070143, -118.44472, 1
1572304074905, 16, '10/28/2019', 34.070143, -118.44472, 1
1572304074908, 16, '10/28/2019', 34.070143, -118.44472, 1
1572304074910, 16, '10/28/2019', 34.070143, -118.44472, 1
1572304074912, 16, '10/28/2019', 34.070143, -118.44472, 1
1572304074915, 16, '10/28/2019', 34.070143, -118.44472, 1
1572304074916, 16, '10/28/2019', 34.070143, -118.44472, 1
1572304074920, 16, '10/28/2019', 34.070143, -118.44472, 1
1572304074924, 16, '10/28/2019', 34.070143, -118.44472, 1
1572304074925, 16, '10/28/2019', 34.070143, -118.44472, 1
1572304074928, 16, '10/28/2019', 34.070143, -118.44472, 1
1572304074930, 16, '10/28/2019', 34.070143, -118.44472, 1
1572304074932, 16, '10/28/2019', 34.070143, -118.44472, 1
1572304074935, 16, '10/28/2019', 34.070143, -118.44472, 0
1572304074936, 16, '10/28/2019', 34.070143, -118.44472, 0
1572304074940, 16, '10/28/2019', 34.058019, -118.44622, 0
1572304074944, 16, '10/28/2019', 34.058019, -118.44622, 0
1572304074945, 16, '10/28/2019', 34.058019, -118.44622, 0
1572304074948, 16, '10/28/2019', 34.058019, -118.44622, 0
1572304074950, 16, '10/28/2019', 34.058019, -118.44622, 0
1572304074952, 16, '10/28/2019', 34.058019, -118.44622, 0
1572304074955, 16, '10/28/2019', 34.058019, -118.44622, 0
1572304074956, 16, '10/28/2019', 34.058019, -118.44622, 0
1572304074960, 16, '10/28/2019', 34.058019, -118.44622, 0
1572304074964, 16, '10/28/2019', 34.058019, -118.44622, 0
1572304074965, 16, '10/28/2019', 34.058019, -118.44622, 0
1572304074968, 16, '10/28/2019', 34.058019, -118.44622, 0
1572304074970, 16, '10/28/2019', 34.058019, -118.44622, 0
1572304074972, 16, '10/28/2019', 34.058019, -118.44622, 0
1572304074975, 16, '10/28/2019', 34.058019, -118.44622, 0
1572304074976, 16, '10/28/2019', 34.058019, -118.44622, 0
1572304074980, 16, '10/28/2019', 34.058019, -118.44622, 0
1572304074984, 16, '10/28/2019', 34.058019, -118.44622, 0
1572304074985, 16, '10/28/2019', 34.058019, -118.44622, 0
1572304074988, 16, '10/28/2019', 34.058019, -118.44622, 0
1572304074990, 16, '10/28/2019', 34.058019, -118.44622, 0
1572304074992, 16, '10/28/2019', 34.058019, -118.44622, 0
1572304074995, 16, '10/28/2019', 34.058019, -118.44622, 0
1572304074996, 16, '10/28/2019', 34.058019, -118.44622, 0
1572304075000, 16, '10/28/2019', 34.058019, -118.44622, 1
1572304075004, 16, '10/28/2019', 34.058019, -118.44622, 1
1572304075005, 16, '10/28/2019', 34.058019, -118.44622, 0
1572304075008, 16, '10/28/2019', 34.058019, -118.44622, 0
1572304075010, 16, '10/28/2019', 34.058019, -118.44622, 0
1572304075012, 16, '10/28/2019', 34.062497, -118.447253, 0
1572304075015, 16, '10/28/2019', 34.062497, -118.447253, 0
1572304075016, 16, '10/28/2019', 34.062497, -118.447253, 0
1572304075020, 16, '10/28/2019', 34.062497, -118.447253, 0
1572304075024, 16, '10/28/2019', 34.062497, -118.447253, 0
1572304075025, 16, '10/28/2019', 34.062497, -118.447253, 0
1572304075028, 16, '10/28/2019', 34.062497, -118.447253, 0
1572304075030, 16, '10/28/2019', 34.062497, -118.447253, 0
1572304075032, 16, '10/28/2019', 34.062497, -118.447253, 0
1572304075035, 16, '10/28/2019', 34.062497, -118.447253, 0
1572304075036, 16, '10/28/2019', 34.062497, -118.447253, 0
1572304075040, 16, '10/28/2019', 34.062497, -118.447253, 0
1572304075044, 16, '10/28/2019', 34.062497, -118.447253, 0
1572304075045, 16, '10/28/2019', 34.062497, -118.447253, 0
1572304075048, 16, '10/28/2019', 34.062497, -118.447253, 0
1572304075050, 16, '10/28/2019', 34.062497, -118.447253, 0
1572304075052, 16, '10/28/2019', 34.062497, -118.447253, 0
1572304075055, 16, '10/28/2019', 34.062497, -118.447253, 0
1572304075056, 16, '10/28/2019', 34.062497, -118.447253, 0
1572304075060, 16, '10/28/2019', 34.062497, -118.447253, 0
1572304075064, 16, '10/28/2019', 34.062497, -118.447253, 0
1572304075065, 16, '10/28/2019', 34.062497, -118.447253, 0
1572304075068, 16, '10/28/2019', 34.062497, -118.447253, 0
1572304075070, 16, '10/28/2019', 34.062497, -118.447253, 0
1572304075072, 16, '10/28/2019', 34.062497, -118.447253, 0
1572304075075, 16, '10/28/2019', 34.062497, -118.447253, 0
1572304075076, 16, '10/28/2019', 34.062497, -118.447253, 0
1572304075080, 16, '10/28/2019', 34.062497, -118.447253, 0
1572304075084, 16, '10/28/2019', 34.062497, -118.447253, 1
1572304075085, 16, '10/28/2019', 34.062497, -118.447253, 1
1572304075088, 16, '10/28/2019', 34.062497, -118.447253, 1
1572304075090, 16, '10/28/2019', 34.062497, -118.447253, 1
1572304075092, 16, '10/28/2019', 34.062497, -118.447253, 1
1572304075095, 16, '10/28/2019', 34.062497, -118.447253, 1
1572304075096, 16, '10/28/2019', 34.062497, -118.447253, 1
1572304075100, 16, '10/28/2019', 34.062497, -118.447253, 1
1572304075104, 16, '10/28/2019', 34.062497, -118.447253, 1
1572304075105, 16, '10/28/2019', 34.062497, -118.447253, 1
1572304075108, 16, '10/28/2019', 34.062497, -118.447253, 1
1572304075110, 16, '10/28/2019', 34.062497, -118.447253, 1
1572304075112, 16, '10/28/2019', 34.062497, -118.447253, 1
1572304075115, 16, '10/28/2019', 34.062497, -118.447253, 1
1572304075116, 16, '10/28/2019', 34.062497, -118.447253, 1
1572304075120, 16, '10/28/2019', 34.062497, -118.447253, 0
1572304075124, 16, '10/28/2019', 34.062497, -118.447253, 0
1572304075125, 16, '10/28/2019', 34.062497, -118.447253, 0
1572304075128, 16, '10/28/2019', 34.062497, -118.447253, 0
1572304075130, 16, '10/28/2019', 34.062497, -118.447253, 0
1572304075132, 16, '10/28/2019', 34.062497, -118.447253, 0
1572304075135, 16, '10/28/2019', 34.062497, -118.447253, 0
1572304075136, 16, '10/28/2019', 34.062497, -118.447253, 0
1572304075140, 16, '10/28/2019', 34.062497, -118.447253, 0
1572304075144, 16, '10/28/2019', 34.062497, -118.447253, 0
1572304075145, 16, '10/28/2019', 34.062497, -118.447253, 0
1572304075148, 16, '10/28/2019', 34.062497, -118.447253, 0
1572304075150, 16, '10/28/2019', 34.062497, -118.447253, 0
1572304075152, 16, '10/28/2019', 34.062497, -118.447253, 0
1572304075155, 16, '10/28/2019', 34.062497, -118.447253, 0
1572304075156, 16, '10/28/2019', 34.062497, -118.447253, 0
1572304075160, 16, '10/28/2019', 34.062497, -118.447253, 0
1572304075164, 16, '10/28/2019', 34.062497, -118.447253, 0
1572304075165, 16, '10/28/2019', 34.062497, -118.447253, 0
1572304075168, 16, '10/28/2019', 34.062497, -118.447253, 0
1572304075170, 16, '10/28/2019', 34.062497, -118.447253, 0
1572304075172, 16, '10/28/2019', 34.062497, -118.447253, 0
1572304075175, 16, '10/28/2019', 34.062497, -118.447253, 0
1572304075176, 16, '10/28/2019', 34.062497, -118.447253, 0
1572304075180, 16, '10/28/2019', 34.062497, -118.447253, 0
1572304075184, 16, '10/28/2019', 34.062497, -118.447253, 0
1572304075185, 16, '10/28/2019', 34.058019, -118.44622, 0
1572304075188, 16, '10/28/2019', 34.058019, -118.44622, 0
1572304075190, 16, '10/28/2019', 34.058019, -118.44622, 0
1572304075192, 16, '10/28/2019', 34.058019, -118.44622, 0
1572304075195, 16, '10/28/2019', 34.058019, -118.44622, 0
1572304075196, 16, '10/28/2019', 34.058019, -118.44622, 0
1572304075200, 16, '10/28/2019', 34.058019, -118.44622, 0
1572304075204, 16, '10/28/2019', 34.058019, -118.44622, 0
1572304075205, 16, '10/28/2019', 34.058019, -118.44622, 0
1572304075208, 16, '10/28/2019', 34.070143, -118.44472, 1
1572304075210, 16, '10/28/2019', 34.058019, -118.44622, 1
1572304075212, 16, '10/28/2019', 34.058019, -118.44622, 1
1572304075215, 16, '10/28/2019', 34.058019, -118.44622, 1
1572304075216, 16, '10/28/2019', 34.070143, -118.44472, 1
1572304075220, 16, '10/28/2019', 34.058019, -118.44622, 1
1572304075224, 16, '10/28/2019', 34.058019, -118.44622, 1
1572304075225, 16, '10/28/2019', 34.058019, -118.44622, 1
1572304075228, 16, '10/28/2019', 34.058019, -118.44622, 1
1572304075230, 16, '10/28/2019', 34.058019, -118.44622, 1
1572304075232, 16, '10/28/2019', 34.058019, -118.44622, 1
1572304075235, 16, '10/28/2019', 34.058019, -118.44622, 1
1572304075236, 16, '10/28/2019', 34.058019, -118.44622, 1
1572304075240, 16, '10/28/2019', 34.058019, -118.44622, 0
1572304075244, 16, '10/28/2019', 34.058019, -118.44622, 1
1572304075245, 16, '10/28/2019', 34.058019, -118.44622, 1
1572304075248, 16, '10/28/2019', 34.058019, -118.44622, 1
1572304075250, 16, '10/28/2019', 34.058019, -118.44622, 1
1572304075252, 16, '10/28/2019', 34.058019, -118.44622, 1
1572304075255, 16, '10/28/2019', 34.058019, -118.44622, 1
1572304075256, 16, '10/28/2019', 34.058019, -118.44622, 1
1572304075260, 16, '10/28/2019', 34.070143, -118.44472, 1
1572304075264, 16, '10/28/2019', 34.062497, -118.447253, 1
1572304075265, 16, '10/28/2019', 34.062497, -118.447253, 1
1572304075268, 16, '10/28/2019', 34.062497, -118.447253, 0
1572304075270, 16, '10/28/2019', 34.062497, -118.447253, 0
1572304075272, 16, '10/28/2019', 34.062497, -118.447253, 0
1572304075275, 16, '10/28/2019', 34.062497, -118.447253, 0
1572304075276, 16, '10/28/2019', 34.062497, -118.447253, 0
1572304075280, 16, '10/28/2019', 34.070143, -118.44472, 0
1572304075284, 16, '10/28/2019', 34.058019, -118.44622, 0
1572304075285, 16, '10/28/2019', 34.058019, -118.44622, 0
1572304075288, 16, '10/28/2019', 34.058019, -118.44622, 0
1572304075290, 16, '10/28/2019', 34.058019, -118.44622, 0
1572304075292, 16, '10/28/2019', 34.058019, -118.44622, 0
1572304075295, 16, '10/28/2019', 34.058019, -118.44622, 0
1572304075296, 16, '10/28/2019', 34.058019, -118.44622, 0
1572304075300, 16, '10/28/2019', 34.058019, -118.44622, 0
1572304075304, 16, '10/28/2019', 34.058019, -118.44622, 0
1572304075305, 16, '10/28/2019', 34.062497, -118.447253, 0
1572304075308, 16, '10/28/2019', 34.062497, -118.447253, 0
1572304075310, 16, '10/28/2019', 34.062497, -118.447253, 0
1572304075312, 16, '10/28/2019', 34.062497, -118.447253, 0
1572304075315, 16, '10/28/2019', 34.062497, -118.447253, 0
1572304075316, 16, '10/28/2019', 34.062497, -118.447253, 0
1572304075320, 16, '10/28/2019', 34.062497, -118.447253, 0
1572304075324, 16, '10/28/2019', 34.062497, -118.447253, 0
1572304075325, 16, '10/28/2019', 34.062497, -118.447253, 0
1572304075328, 16, '10/28/2019', 34.062497, -118.447253, 0
1572304075330, 16, '10/28/2019', 34.062497, -118.447253, 0
1572304075332, 16, '10/28/2019', 34.062497, -118.447253, 0
1572304075335, 16, '10/28/2019', 34.062497, -118.447253, 0
1572304075336, 16, '10/28/2019', 34.062497, -118.447253, 0
1572304075340, 16, '10/28/2019', 34.062497, -118.447253, 0
1572304075344, 16, '10/28/2019', 34.062497, -118.447253, 0
1572304075345, 16, '10/28/2019', 34.062497, -118.447253, 0
1572304075348, 16, '10/28/2019', 34.062497, -118.447253, 0
1572304075350, 16, '10/28/2019', 34.062497, -118.447253, 1
1572304075352, 16, '10/28/2019', 34.062497, -118.447253, 0
1572304075355, 16, '10/28/2019', 34.062497, -118.447253, 0
1572304075356, 16, '10/28/2019', 34.062497, -118.447253, 0
1572304075360, 16, '10/28/2019', 34.062497, -118.447253, 0
1572304075364, 16, '10/28/2019', 34.062497, -118.447253, 0
1572304075365, 16, '10/28/2019', 34.062497, -118.447253, 0
1572304075368, 16, '10/28/2019', 34.062497, -118.447253, 0
1572304075370, 16, '10/28/2019', 34.062497, -118.447253, 0
1572304075372, 16, '10/28/2019', 34.062497, -118.447253, 0
1572304075375, 16, '10/28/2019', 34.062497, -118.447253, 0
1572304075376, 16, '10/28/2019', 34.062497, -118.447253, 0
1572304075380, 16, '10/28/2019', 34.062497, -118.447253, 0
1572304075384, 16, '10/28/2019', 34.062497, -118.447253, 0
1572304075385, 16, '10/28/2019', 34.062497, -118.447253, 0
1572304075388, 16, '10/28/2019', 34.062497, -118.447253, 0
1572304075390, 16, '10/28/2019', 34.062497, -118.447253, 0
1572304075392, 16, '10/28/2019', 34.062497, -118.447253, 0
1572304075395, 16, '10/28/2019', 34.062497, -118.447253, 0
1572304075396, 16, '10/28/2019', 34.062497, -118.447253, 0
1572304075400, 16, '10/28/2019', 34.062497, -118.447253, 0
1572304075404, 16, '10/28/2019', 34.062497, -118.447253, 0
1572304075405, 16, '10/28/2019', 34.062497, -118.447253, 0
1572304075408, 16, '10/28/2019', 34.062497, -118.447253, 0
1572304075410, 16, '10/28/2019', 34.062497, -118.447253, 0
1572304075412, 16, '10/28/2019', 34.062497, -118.447253, 0
1572304075415, 16, '10/28/2019', 34.062497, -118.447253, 0
1572304075416, 16, '10/28/2019', 34.062497, -118.447253, 0
1572304075420, 16, '10/28/2019', 34.062497, -118.447253, 0
1572304075424, 16, '10/28/2019', 34.062497, -118.447253, 0
1572304075425, 16, '10/28/2019', 34.062497, -118.447253, 0
1572304075428, 16, '10/28/2019', 34.062497, -118.447253, 0
1572304075430, 16, '10/28/2019', 34.062497, -118.447253, 0
1572304075432, 16, '10/28/2019', 34.062497, -118.447253, 0
1572304075435, 16, '10/28/2019', 34.062497, -118.447253, 0
1572304075436, 16, '10/28/2019', 34.062497, -118.447253, 0
1572304075440, 16, '10/28/2019', 34.062497, -118.447253, 0
1572304075444, 16, '10/28/2019', 34.062497, -118.447253, 0
1572304075445, 16, '10/28/2019', 34.062497, -118.447253, 0
1572304075448, 16, '10/28/2019', 34.062497, -118.447253, 0
1572304075450, 16, '10/28/2019', 34.062497, -118.447253, 0
1572304075452, 16, '10/28/2019', 34.062497, -118.447253, 0
1572304075455, 16, '10/28/2019', 34.062497, -118.447253, 0
1572304075456, 16, '10/28/2019', 34.062497, -118.447253, 0
1572304075460, 16, '10/28/2019', 34.070143, -118.44472, 0
1572304075464, 16, '10/28/2019', 34.070143, -118.44472, 0
1572304075465, 16, '10/28/2019', 34.070143, -118.44472, 0
1572304075468, 16, '10/28/2019', 34.058019, -118.44622, 0
1572304075470, 16, '10/28/2019', 34.058019, -118.44622, 0
1572304075472, 16, '10/28/2019', 34.058019, -118.44622, 0
1572304075475, 16, '10/28/2019', 34.058019, -118.44622, 0
1572304075476, 16, '10/28/2019', 34.058019, -118.44622, 0
1572304075480, 16, '10/28/2019', 34.058019, -118.44622, 0
1572304075484, 16, '10/28/2019', 34.070143, -118.44472, 0
1572304075485, 16, '10/28/2019', 34.070143, -118.44472, 0
1572304075488, 16, '10/28/2019', 34.070143, -118.44472, 0
1572304075490, 16, '10/28/2019', 34.070143, -118.44472, 0
1572304075492, 16, '10/28/2019', 34.070143, -118.44472, 0
1572304075495, 16, '10/28/2019', 34.058019, -118.44622, 0
1572304075496, 16, '10/28/2019', 34.058019, -118.44622, 0
1572304075500, 16, '10/28/2019', 34.058019, -118.44622, 0
1572304075504, 16, '10/28/2019', 34.058019, -118.44622, 0
1572304075505, 16, '10/28/2019', 34.058019, -118.44622, 0
1572304075508, 16, '10/28/2019', 34.058019, -118.44622, 0
1572304075510, 16, '10/28/2019', 34.058019, -118.44622, 0
1572304075512, 16, '10/28/2019', 34.058019, -118.44622, 0
1572304075515, 16, '10/28/2019', 34.058019, -118.44622, 0
1572304075516, 16, '10/28/2019', 34.058019, -118.44622, 0
1572304075520, 16, '10/28/2019', 34.058019, -118.44622, 0
1572304075524, 16, '10/28/2019', 34.058019, -118.44622, 0
1572304075525, 16, '10/28/2019', 34.058019, -118.44622, 0
1572304075528, 16, '10/28/2019', 34.058019, -118.44622, 1
1572304075530, 16, '10/28/2019', 34.058019, -118.44622, 1
1572304075532, 16, '10/28/2019', 34.070143, -118.44472, 1
1572304075535, 16, '10/28/2019', 34.070143, -118.44472, 1
1572304075536, 16, '10/28/2019', 34.070143, -118.44472, 1
1572304075540, 16, '10/28/2019', 34.070143, -118.44472, 1
1572304075544, 16, '10/28/2019', 34.070143, -118.44472, 0
1572304075545, 16, '10/28/2019', 34.070143, -118.44472, 0
1572304075548, 16, '10/28/2019', 34.062497, -118.447253, 0
1572304075550, 16, '10/28/2019', 34.062497, -118.447253, 0
1572304075552, 16, '10/28/2019', 34.062497, -118.447253, 0
1572304075555, 16, '10/28/2019', 34.062497, -118.447253, 0
1572304075556, 16, '10/28/2019', 34.062497, -118.447253, 0
1572304075560, 16, '10/28/2019', 34.062497, -118.447253, 0
1572304075564, 16, '10/28/2019', 34.062497, -118.447253, 0
1572304075565, 16, '10/28/2019', 34.062497, -118.447253, 0
1572304075568, 16, '10/28/2019', 34.062497, -118.447253, 0
1572304075570, 16, '10/28/2019', 34.062497, -118.447253, 1
1572304075572, 16, '10/28/2019', 34.062497, -118.447253, 1
1572304075575, 16, '10/28/2019', 34.062497, -118.447253, 1
1572304075576, 16, '10/28/2019', 34.062497, -118.447253, 1
1572304075580, 16, '10/28/2019', 34.062497, -118.447253, 1
1572304075584, 16, '10/28/2019', 34.062497, -118.447253, 1
1572304075585, 16, '10/28/2019', 34.062497, -118.447253, 1
1572304075588, 16, '10/28/2019', 34.062497, -118.447253, 1
1572304075590, 16, '10/28/2019', 34.062497, -118.447253, 1
1572304075592, 16, '10/28/2019', 34.062497, -118.447253, 1
1572304075595, 16, '10/28/2019', 34.062497, -118.447253, 1
1572304075596, 16, '10/28/2019', 34.062497, -118.447253, 1
1572304075600, 16, '10/28/2019', 34.062497, -118.447253, 1
1572304075604, 16, '10/28/2019', 34.062497, -118.447253, 1
1572304075605, 16, '10/28/2019', 34.062497, -118.447253, 1
1572304075608, 16, '10/28/2019', 34.062497, -118.447253, 1
1572304075610, 16, '10/28/2019', 34.062497, -118.447253, 1
1572304075612, 16, '10/28/2019', 34.062497, -118.447253, 1
1572304075615, 16, '10/28/2019', 34.062497, -118.447253, 1
1572304075616, 16, '10/28/2019', 34.062497, -118.447253, 1
1572304075620, 16, '10/28/2019', 34.062497, -118.447253, 1
1572304075624, 16, '10/28/2019', 34.062497, -118.447253, 0
1572304075625, 16, '10/28/2019', 34.062497, -118.447253, 1
1572304075628, 16, '10/28/2019', 34.062497, -118.447253, 1
1572304075630, 16, '10/28/2019', 34.062497, -118.447253, 1
1572304075632, 16, '10/28/2019', 34.062497, -118.447253, 1
1572304075635, 16, '10/28/2019', 34.062497, -118.447253, 0
1572304075636, 16, '10/28/2019', 34.062497, -118.447253, 0
1572304075640, 16, '10/28/2019', 34.062497, -118.447253, 0
1572304075644, 16, '10/28/2019', 34.058019, -118.44622, 0
1572304075645, 16, '10/28/2019', 34.058019, -118.44622, 0
1572304075648, 16, '10/28/2019', 34.058019, -118.44622, 0
1572304075650, 16, '10/28/2019', 34.058019, -118.44622, 0
1572304075652, 16, '10/28/2019', 34.058019, -118.44622, 0
1572304075655, 16, '10/28/2019', 34.058019, -118.44622, 0
1572304075656, 16, '10/28/2019', 34.058019, -118.44622, 0
1572304075660, 16, '10/28/2019', 34.058019, -118.44622, 0
1572304075664, 16, '10/28/2019', 34.058019, -118.44622, 0
1572304075665, 16, '10/28/2019', 34.058019, -118.44622, 0
1572304075668, 16, '10/28/2019', 34.062497, -118.447253, 0
1572304075670, 16, '10/28/2019', 34.062497, -118.447253, 0
1572304075672, 16, '10/28/2019', 34.062497, -118.447253, 0
1572304075675, 16, '10/28/2019', 34.070143, -118.44472, 0
1572304075676, 16, '10/28/2019', 34.070143, -118.44472, 0
1572304075680, 16, '10/28/2019', 34.058019, -118.44622, 1
1572304075684, 16, '10/28/2019', 34.058019, -118.44622, 1
1572304075685, 16, '10/28/2019', 34.058019, -118.44622, 1
1572304075688, 16, '10/28/2019', 34.058019, -118.44622, 1
1572304075690, 16, '10/28/2019', 34.058019, -118.44622, 1
1572304075692, 16, '10/28/2019', 34.058019, -118.44622, 0
1572304075695, 16, '10/28/2019', 34.058019, -118.44622, 0
1572304075696, 16, '10/28/2019', 34.058019, -118.44622, 0
1572304075700, 16, '10/28/2019', 34.058019, -118.44622, 0
1572304075704, 16, '10/28/2019', 34.058019, -118.44622, 0
1572304075705, 16, '10/28/2019', 34.058019, -118.44622, 0
1572304075708, 16, '10/28/2019', 34.058019, -118.44622, 1
1572304075710, 16, '10/28/2019', 34.058019, -118.44622, 1
1572304075712, 16, '10/28/2019', 34.058019, -118.44622, 1
1572304075715, 16, '10/28/2019', 34.058019, -118.44622, 1
1572304075716, 16, '10/28/2019', 34.058019, -118.44622, 1
1572304075720, 16, '10/28/2019', 34.062497, -118.447253, 0
1572304075724, 16, '10/28/2019', 34.062497, -118.447253, 0
1572304075725, 16, '10/28/2019', 34.062497, -118.447253, 0
1572304075728, 16, '10/28/2019', 34.062497, -118.447253, 0
1572304075730, 16, '10/28/2019', 34.062497, -118.447253, 0
1572304075732, 16, '10/28/2019', 34.062497, -118.447253, 0
1572304075735, 16, '10/28/2019', 34.062497, -118.447253, 0
1572304075736, 16, '10/28/2019', 34.062497, -118.447253, 0
1572304075740, 16, '10/28/2019', 34.062497, -118.447253, 0
1572304075744, 16, '10/28/2019', 34.062497, -118.447253, 0
1572304075745, 16, '10/28/2019', 34.062497, -118.447253, 1
1572304075748, 16, '10/28/2019', 34.062497, -118.447253, 1
1572304075750, 16, '10/28/2019', 34.062497, -118.447253, 1
1572304075752, 16, '10/28/2019', 34.062497, -118.447253, 1
1572304075755, 16, '10/28/2019', 34.062497, -118.447253, 0
1572304075756, 16, '10/28/2019', 34.062497, -118.447253, 0
1572304075760, 16, '10/28/2019', 34.062497, -118.447253, 0
1572304075764, 16, '10/28/2019', 34.062497, -118.447253, 0
1572304075765, 16, '10/28/2019', 34.062497, -118.447253, 0
1572304075768, 16, '10/28/2019', 34.062497, -118.447253, 0
1572304075770, 16, '10/28/2019', 34.062497, -118.447253, 0
1572304075772, 16, '10/28/2019', 34.062497, -118.447253, 0
1572304075775, 16, '10/28/2019', 34.062497, -118.447253, 0
1572304075776, 16, '10/28/2019', 34.062497, -118.447253, 0
1572304075780, 16, '10/28/2019', 34.062497, -118.447253, 0
1572304075784, 16, '10/28/2019', 34.062497, -118.447253, 1
1572304075785, 16, '10/28/2019', 34.062497, -118.447253, 1
1572304075788, 16, '10/28/2019', 34.062497, -118.447253, 1
1572304075790, 16, '10/28/2019', 34.062497, -118.447253, 1
1572304075792, 16, '10/28/2019', 34.062497, -118.447253, 1
1572304075795, 16, '10/28/2019', 34.062497, -118.447253, 1
1572304075796, 16, '10/28/2019', 34.062497, -118.447253, 1
1572304075800, 16, '10/28/2019', 34.062497, -118.447253, 1
1572304075804, 16, '10/28/2019', 34.062497, -118.447253, 1
1572304075805, 16, '10/28/2019', 34.062497, -118.447253, 1
1572304075808, 16, '10/28/2019', 34.062497, -118.447253, 0
1572304075810, 16, '10/28/2019', 34.062497, -118.447253, 0
1572304075812, 16, '10/28/2019', 34.062497, -118.447253, 0
1572304075815, 16, '10/28/2019', 34.062497, -118.447253, 0
1572304075816, 16, '10/28/2019', 34.062497, -118.447253, 0
1572304075820, 16, '10/28/2019', 34.062497, -118.447253, 0
1572304075824, 16, '10/28/2019', 34.062497, -118.447253, 0
1572304075825, 16, '10/28/2019', 34.062497, -118.447253, 0
1572304075828, 16, '10/28/2019', 34.062497, -118.447253, 0
1572304075830, 16, '10/28/2019', 34.062497, -118.447253, 0
1572304075832, 16, '10/28/2019', 34.062497, -118.447253, 0
1572304075835, 16, '10/28/2019', 34.062497, -118.447253, 0
1572304075836, 16, '10/28/2019', 34.062497, -118.447253, 0
1572304075840, 16, '10/28/2019', 34.062497, -118.447253, 0
1572304075844, 16, '10/28/2019', 34.058019, -118.44622, 0
1572304075845, 16, '10/28/2019', 34.058019, -118.44622, 0
1572304075848, 16, '10/28/2019', 34.058019, -118.44622, 0
1572304075850, 16, '10/28/2019', 34.070143, -118.44472, 0
1572304075852, 16, '10/28/2019', 34.062497, -118.447253, 0
1572304075855, 16, '10/28/2019', 34.062497, -118.447253, 0
1572304075856, 16, '10/28/2019', 34.062497, -118.447253, 0
1572304075860, 16, '10/28/2019', 34.062497, -118.447253, 0
1572304075864, 16, '10/28/2019', 34.058019, -118.44622, 0
1572304075865, 16, '10/28/2019', 34.058019, -118.44622, 0
1572304075868, 16, '10/28/2019', 34.058019, -118.44622, 0
1572304075870, 16, '10/28/2019', 34.058019, -118.44622, 0
1572304075872, 16, '10/28/2019', 34.058019, -118.44622, 0
1572304075875, 16, '10/28/2019', 34.058019, -118.44622, 0
1572304075876, 16, '10/28/2019', 34.058019, -118.44622, 0
1572304075880, 16, '10/28/2019', 34.058019, -118.44622, 0
1572304075884, 16, '10/28/2019', 34.058019, -118.44622, 0
1572304075885, 16, '10/28/2019', 34.058019, -118.44622, 0
1572304075888, 16, '10/28/2019', 34.058019, -118.44622, 0
1572304075890, 16, '10/28/2019', 34.058019, -118.44622, 0
1572304075892, 16, '10/28/2019', 34.058019, -118.44622, 0
1572304075895, 16, '10/28/2019', 34.058019, -118.44622, 0
1572304075896, 16, '10/28/2019', 34.058019, -118.44622, 0
1572304075900, 16, '10/28/2019', 34.058019, -118.44622, 0
1572304075904, 16, '10/28/2019', 34.058019, -118.44622, 0
1572304075905, 16, '10/28/2019', 34.058019, -118.44622, 0
1572304075908, 16, '10/28/2019', 34.058019, -118.44622, 1
1572304075910, 16, '10/28/2019', 34.058019, -118.44622, 1
1572304075912, 16, '10/28/2019', 34.058019, -118.44622, 1
1572304075915, 16, '10/28/2019', 34.058019, -118.44622, 1
1572304075916, 16, '10/28/2019', 34.058019, -118.44622, 1
1572304075920, 16, '10/28/2019', 34.062497, -118.447253, 1
1572304075924, 16, '10/28/2019', 34.062497, -118.447253, 1
1572304075925, 16, '10/28/2019', 34.062497, -118.447253, 1
1572304075928, 16, '10/28/2019', 34.062497, -118.447253, 1
1572304075930, 16, '10/28/2019', 34.062497, -118.447253, 1
1572304075932, 16, '10/28/2019', 34.062497, -118.447253, 1
1572304075935, 16, '10/28/2019', 34.062497, -118.447253, 1
1572304075936, 16, '10/28/2019', 34.062497, -118.447253, 1
1572304075940, 16, '10/28/2019', 34.062497, -118.447253, 1
1572304075944, 16, '10/28/2019', 34.062497, -118.447253, 1
1572304075945, 16, '10/28/2019', 34.062497, -118.447253, 1
1572304075948, 16, '10/28/2019', 34.062497, -118.447253, 1
1572304075950, 16, '10/28/2019', 34.062497, -118.447253, 1
1572304075952, 16, '10/28/2019', 34.062497, -118.447253, 1
1572304075955, 16, '10/28/2019', 34.062497, -118.447253, 1
1572304075956, 16, '10/28/2019', 34.062497, -118.447253, 1
1572304075960, 16, '10/28/2019', 34.062497, -118.447253, 1
1572304075964, 16, '10/28/2019', 34.062497, -118.447253, 1
1572304075965, 16, '10/28/2019', 34.062497, -118.447253, 1
1572304075968, 16, '10/28/2019', 34.062497, -118.447253, 1
1572304075970, 16, '10/28/2019', 34.062497, -118.447253, 1
1572304075972, 16, '10/28/2019', 34.062497, -118.447253, 1
1572304075975, 16, '10/28/2019', 34.062497, -118.447253, 1
1572304075976, 16, '10/28/2019', 34.062497, -118.447253, 1
1572304075980, 16, '10/28/2019', 34.062497, -118.447253, 1
1572304075984, 16, '10/28/2019', 34.062497, -118.447253, 1
1572304075985, 16, '10/28/2019', 34.062497, -118.447253, 1
1572304075988, 16, '10/28/2019', 34.062497, -118.447253, 1
1572304075990, 16, '10/28/2019', 34.062497, -118.447253, 1
1572304075992, 16, '10/28/2019', 34.062497, -118.447253, 1
1572304075995, 16, '10/28/2019', 34.062497, -118.447253, 1
1572304075996, 16, '10/28/2019', 34.062497, -118.447253, 1
1572304076000, 16, '10/28/2019', 34.062497, -118.447253, 0
1572304076004, 16, '10/28/2019', 34.062497, -118.447253, 0
1572304076005, 16, '10/28/2019', 34.062497, -118.447253, 1
1572304076008, 16, '10/28/2019', 34.062497, -118.447253, 0
1572304076010, 16, '10/28/2019', 34.062497, -118.447253, 1
1572304076012, 16, '10/28/2019', 34.062497, -118.447253, 0
1572304076015, 16, '10/28/2019', 34.062497, -118.447253, 0
1572304076016, 16, '10/28/2019', 34.062497, -118.447253, 0
1572304076020, 16, '10/28/2019', 34.062497, -118.447253, 0
1572304076024, 16, '10/28/2019', 34.062497, -118.447253, 0
1572304076025, 16, '10/28/2019', 34.062497, -118.447253, 0
1572304076028, 16, '10/28/2019', 34.062497, -118.447253, 0
1572304076030, 16, '10/28/2019', 34.062497, -118.447253, 0
1572304076032, 16, '10/28/2019', 34.062497, -118.447253, 0
1572304076035, 16, '10/28/2019', 34.062497, -118.447253, 0
1572304076036, 16, '10/28/2019', 34.062497, -118.447253, 0
1572304076040, 16, '10/28/2019', 34.062497, -118.447253, 0
1572304076044, 16, '10/28/2019', 34.062497, -118.447253, 1
1572304076045, 16, '10/28/2019', 34.062497, -118.447253, 1
1572304076048, 16, '10/28/2019', 34.062497, -118.447253, 1
1572304076050, 16, '10/28/2019', 34.062497, -118.447253, 1
1572304076052, 16, '10/28/2019', 34.062497, -118.447253, 1
1572304076055, 16, '10/28/2019', 34.062497, -118.447253, 1
1572304076056, 16, '10/28/2019', 34.062497, -118.447253, 1
1572304076060, 16, '10/28/2019', 34.062497, -118.447253, 1
1572304076064, 16, '10/28/2019', 34.062497, -118.447253, 1
1572304076065, 16, '10/28/2019', 34.062497, -118.447253, 1
1572304076068, 16, '10/28/2019', 34.062497, -118.447253, 1
1572304076070, 16, '10/28/2019', 34.062497, -118.447253, 0
1572304076072, 16, '10/28/2019', 34.062497, -118.447253, 0
1572304076075, 16, '10/28/2019', 34.062497, -118.447253, 0
1572304076076, 16, '10/28/2019', 34.062497, -118.447253, 0
1572304076080, 16, '10/28/2019', 34.062497, -118.447253, 0
1572304076084, 16, '10/28/2019', 34.062497, -118.447253, 0
1572304076085, 16, '10/28/2019', 34.062497, -118.447253, 0
1572304076088, 16, '10/28/2019', 34.062497, -118.447253, 0
1572304076090, 16, '10/28/2019', 34.062497, -118.447253, 0
1572304076092, 16, '10/28/2019', 34.062497, -118.447253, 0
1572304076095, 16, '10/28/2019', 34.062497, -118.447253, 0
1572304076096, 16, '10/28/2019', 34.062497, -118.447253, 0
1572304076100, 16, '10/28/2019', 34.062497, -118.447253, 0
1572304076104, 16, '10/28/2019', 34.058019, -118.44622, 0
1572304076105, 16, '10/28/2019', 34.058019, -118.44622, 0
1572304076108, 16, '10/28/2019', 34.062497, -118.447253, 0
1572304076110, 16, '10/28/2019', 34.062497, -118.447253, 0
1572304076112, 16, '10/28/2019', 34.062497, -118.447253, 0
1572304076115, 16, '10/28/2019', 34.062497, -118.447253, 0
1572304076116, 16, '10/28/2019', 34.062497, -118.447253, 0
1572304076120, 16, '10/28/2019', 34.062497, -118.447253, 0
1572304076124, 16, '10/28/2019', 34.062497, -118.447253, 0
1572304076125, 16, '10/28/2019', 34.062497, -118.447253, 0
1572304076128, 16, '10/28/2019', 34.062497, -118.447253, 0
1572304076130, 16, '10/28/2019', 34.062497, -118.447253, 1
1572304076132, 16, '10/28/2019', 34.062497, -118.447253, 1
1572304076135, 16, '10/28/2019', 34.062497, -118.447253, 1
1572304076136, 16, '10/28/2019', 34.062497, -118.447253, 1
1572304076140, 16, '10/28/2019', 34.062497, -118.447253, 1
1572304076144, 16, '10/28/2019', 34.062497, -118.447253, 1
1572304076145, 16, '10/28/2019', 34.062497, -118.447253, 1
1572304076148, 16, '10/28/2019', 34.062497, -118.447253, 1
1572304076150, 16, '10/28/2019', 34.062497, -118.447253, 1
1572304076152, 16, '10/28/2019', 34.062497, -118.447253, 1
1572304076155, 16, '10/28/2019', 34.062497, -118.447253, 1
1572304076156, 16, '10/28/2019', 34.062497, -118.447253, 1
1572304076160, 16, '10/28/2019', 34.062497, -118.447253, 1
1572304076164, 16, '10/28/2019', 34.062497, -118.447253, 1
1572304076165, 16, '10/28/2019', 34.062497, -118.447253, 1
1572304076168, 16, '10/28/2019', 34.062497, -118.447253, 1
1572304076170, 16, '10/28/2019', 34.062497, -118.447253, 1
1572304076172, 16, '10/28/2019', 34.062497, -118.447253, 1
1572304076175, 16, '10/28/2019', 34.062497, -118.447253, 1
1572304076176, 16, '10/28/2019', 34.062497, -118.447253, 1
1572304076180, 16, '10/28/2019', 34.058019, -118.44622, 1
1572304076184, 16, '10/28/2019', 34.058019, -118.44622, 1
1572304076185, 16, '10/28/2019', 34.058019, -118.44622, 1
1572304076188, 16, '10/28/2019', 34.058019, -118.44622, 0
1572304076190, 16, '10/28/2019', 34.058019, -118.44622, 0
1572304076192, 16, '10/28/2019', 34.058019, -118.44622, 0
1572304076195, 16, '10/28/2019', 34.058019, -118.44622, 0
1572304076196, 16, '10/28/2019', 34.058019, -118.44622, 0
1572304076200, 16, '10/28/2019', 34.058019, -118.44622, 0
1572304076204, 16, '10/28/2019', 34.062497, -118.447253, 1
1572304076205, 16, '10/28/2019', 34.062497, -118.447253, 1
1572304076208, 16, '10/28/2019', 34.062497, -118.447253, 1
1572304076210, 16, '10/28/2019', 34.062497, -118.447253, 1
1572304076212, 16, '10/28/2019', 34.070143, -118.44472, 1
1572304076215, 16, '10/28/2019', 34.058019, -118.44622, 1
1572304076216, 16, '10/28/2019', 34.058019, -118.44622, 1
1572304076220, 16, '10/28/2019', 34.058019, -118.44622, 1
1572304076224, 16, '10/28/2019', 34.062497, -118.447253, 1
1572304076225, 16, '10/28/2019', 34.062497, -118.447253, 1
1572304076228, 16, '10/28/2019', 34.062497, -118.447253, 1
1572304076230, 16, '10/28/2019', 34.062497, -118.447253, 1
1572304076232, 16, '10/28/2019', 34.062497, -118.447253, 1
1572304076235, 16, '10/28/2019', 34.062497, -118.447253, 1
1572304076236, 16, '10/28/2019', 34.062497, -118.447253, 1
1572304076240, 16, '10/28/2019', 34.070143, -118.44472, 1
1572304076244, 16, '10/28/2019', 34.070143, -118.44472, 1
1572304076245, 16, '10/28/2019', 34.070143, -118.44472, 1
1572304076248, 16, '10/28/2019', 34.070143, -118.44472, 0
1572304076250, 16, '10/28/2019', 34.062497, -118.447253, 0
1572304076252, 16, '10/28/2019', 34.062497, -118.447253, 0
1572304076255, 16, '10/28/2019', 34.062497, -118.447253, 0
1572304076256, 16, '10/28/2019', 34.062497, -118.447253, 0
1572304076260, 16, '10/28/2019', 34.062497, -118.447253, 1
1572304076264, 16, '10/28/2019', 34.062497, -118.447253, 1
1572304076265, 16, '10/28/2019', 34.062497, -118.447253, 1
1572304076268, 16, '10/28/2019', 34.062497, -118.447253, 0
1572304076270, 16, '10/28/2019', 34.062497, -118.447253, 0
1572304076272, 16, '10/28/2019', 34.062497, -118.447253, 0
1572304076275, 16, '10/28/2019', 34.070143, -118.44472, 0
1572304076276, 16, '10/28/2019', 34.070143, -118.44472, 0
1572304076280, 16, '10/28/2019', 34.058019, -118.44622, 0
1572304076284, 16, '10/28/2019', 34.058019, -118.44622, 0
1572304076285, 16, '10/28/2019', 34.058019, -118.44622, 0
1572304076288, 16, '10/28/2019', 34.058019, -118.44622, 0
1572304076290, 16, '10/28/2019', 34.058019, -118.44622, 0
1572304076292, 16, '10/28/2019', 34.058019, -118.44622, 0
1572304076295, 16, '10/28/2019', 34.058019, -118.44622, 0
1572304076296, 16, '10/28/2019', 34.058019, -118.44622, 0
1572304076300, 16, '10/28/2019', 34.058019, -118.44622, 0
1572304076304, 16, '10/28/2019', 34.058019, -118.44622, 0
1572304076305, 16, '10/28/2019', 34.058019, -118.44622, 0
1572304076308, 16, '10/28/2019', 34.058019, -118.44622, 0
1572304076310, 16, '10/28/2019', 34.058019, -118.44622, 0
1572304076312, 16, '10/28/2019', 34.058019, -118.44622, 0
1572304076315, 16, '10/28/2019', 34.058019, -118.44622, 0
1572304076316, 16, '10/28/2019', 34.058019, -118.44622, 0
1572304076320, 16, '10/28/2019', 34.058019, -118.44622, 1
1572304076324, 16, '10/28/2019', 34.058019, -118.44622, 1
1572304076325, 16, '10/28/2019', 34.058019, -118.44622, 1
1572304076328, 16, '10/28/2019', 34.058019, -118.44622, 1
1572304076330, 16, '10/28/2019', 34.058019, -118.44622, 1
1572304076332, 16, '10/28/2019', 34.058019, -118.44622, 1
1572304076335, 16, '10/28/2019', 34.058019, -118.44622, 1
1572304076336, 16, '10/28/2019', 34.058019, -118.44622, 0
1572304076340, 16, '10/28/2019', 34.058019, -118.44622, 1
1572304076344, 16, '10/28/2019', 34.058019, -118.44622, 1
1572304076345, 16, '10/28/2019', 34.058019, -118.44622, 1
1572304076348, 16, '10/28/2019', 34.058019, -118.44622, 1
1572304076350, 16, '10/28/2019', 34.058019, -118.44622, 1
1572304076352, 16, '10/28/2019', 34.058019, -118.44622, 1
1572304076355, 16, '10/28/2019', 34.058019, -118.44622, 1
1572304076356, 16, '10/28/2019', 34.058019, -118.44622, 0
1572304076360, 16, '10/28/2019', 34.058019, -118.44622, 0
1572304076364, 16, '10/28/2019', 34.058019, -118.44622, 0
1572304076365, 16, '10/28/2019', 34.058019, -118.44622, 0
1572304076368, 16, '10/28/2019', 34.058019, -118.44622, 0
1572304076370, 16, '10/28/2019', 34.058019, -118.44622, 0
1572304076372, 16, '10/28/2019', 34.058019, -118.44622, 0
1572304076375, 16, '10/28/2019', 34.058019, -118.44622, 0
1572304076376, 16, '10/28/2019', 34.058019, -118.44622, 0
1572304076380, 16, '10/28/2019', 34.058019, -118.44622, 0
1572304076384, 16, '10/28/2019', 34.058019, -118.44622, 0
1572304076385, 16, '10/28/2019', 34.058019, -118.44622, 0
1572304076388, 16, '10/28/2019', 34.058019, -118.44622, 0
1572304076390, 16, '10/28/2019', 34.058019, -118.44622, 0
1572304076392, 16, '10/28/2019', 34.058019, -118.44622, 0
1572304076395, 16, '10/28/2019', 34.058019, -118.44622, 0
1572304076396, 16, '10/28/2019', 34.058019, -118.44622, 0
1572304076400, 16, '10/28/2019', 34.058019, -118.44622, 0
1572304076404, 16, '10/28/2019', 34.058019, -118.44622, 0
1572304076405, 16, '10/28/2019', 34.058019, -118.44622, 0
1572304076408, 16, '10/28/2019', 34.058019, -118.44622, 0
1572304076410, 16, '10/28/2019', 34.058019, -118.44622, 0
1572304076412, 16, '10/28/2019', 34.058019, -118.44622, 0
1572304076415, 16, '10/28/2019', 34.058019, -118.44622, 0
1572304076416, 16, '10/28/2019', 34.058019, -118.44622, 0
1572304076420, 16, '10/28/2019', 34.070143, -118.44472, 0
1572304076424, 16, '10/28/2019', 34.058019, -118.44622, 0
1572304076425, 16, '10/28/2019', 34.058019, -118.44622, 0
1572304076428, 16, '10/28/2019', 34.058019, -118.44622, 1
1572304076430, 16, '10/28/2019', 34.058019, -118.44622, 1
1572304076432, 16, '10/28/2019', 34.058019, -118.44622, 1
1572304076435, 16, '10/28/2019', 34.070143, -118.44472, 1
1572304076436, 16, '10/28/2019', 34.070143, -118.44472, 1
1572304076440, 16, '10/28/2019', 34.070143, -118.44472, 1
1572304076444, 16, '10/28/2019', 34.070143, -118.44472, 1
1572304076445, 16, '10/28/2019', 34.070143, -118.44472, 1
1572304076448, 16, '10/28/2019', 34.070143, -118.44472, 1
1572304076450, 16, '10/28/2019', 34.070143, -118.44472, 1
1572304076452, 16, '10/28/2019', 34.070143, -118.44472, 1
1572304076455, 16, '10/28/2019', 34.062497, -118.447253, 1
1572304076456, 16, '10/28/2019', 34.062497, -118.447253, 1
1572304076460, 16, '10/28/2019', 34.070143, -118.44472, 1
1572304076464, 16, '10/28/2019', 34.070143, -118.44472, 1
1572304076465, 16, '10/28/2019', 34.070143, -118.44472, 1
1572304076468, 16, '10/28/2019', 34.070143, -118.44472, 1
1572304076470, 16, '10/28/2019', 34.070143, -118.44472, 1
1572304076472, 16, '10/28/2019', 34.058019, -118.44622, 1
1572304076475, 16, '10/28/2019', 34.058019, -118.44622, 1
1572304076476, 16, '10/28/2019', 34.058019, -118.44622, 1
1572304076480, 16, '10/28/2019', 34.058019, -118.44622, 1
1572304076484, 16, '10/28/2019', 34.058019, -118.44622, 1
1572304076485, 16, '10/28/2019', 34.058019, -118.44622, 0
1572304076488, 16, '10/28/2019', 34.058019, -118.44622, 0
1572304076490, 16, '10/28/2019', 34.058019, -118.44622, 0
1572304076492, 16, '10/28/2019', 34.058019, -118.44622, 0
1572304076495, 16, '10/28/2019', 34.058019, -118.44622, 0
1572304076496, 16, '10/28/2019', 34.058019, -118.44622, 0
